9789380349350
9788128832840
9789380349305
9788188575725
9789382447016
001325177
000000000011290077
9788188575718
08818511
9788172235673
9789380349237
9788183520119
9788129115232
9788172235307
9789380349183
9788129119797
08791322
9788183520805
9780099454403
9780553817959
9780749309336
9780857388629
706133412764
9780143419648
7184714419648
9780143418801
9780143418801
9788192222660
9788184001785
9788129119179
12711864
9788129109835
9780007252640
9788129120212
9788129120212
9788129115300
9788129135728
9788129118806
070993007997
9780743430463
9781905654604
076714007994
700141236541
9780515105193
9780552151597
9780330233903
070993007997
9780006178712
9168172234850
9780007199068
9788172235789
9780751527377
9781401397753
BK361
9780141014593
9789350293478
1371731
620162234411
04071525
9780671854218
9780385525954
9781846140969
070993005993
9788192005119
9780330266932
700112237768
9780340822395
9780340822395
9781576754375
9780141039091
9780141039091
123456789012
9781405053716
9780140157352
9781592402038
9781595620156
9788188575695
9788129114044
9788192910949
9788184004199
9780143418801
9780195640540
9781906427641
9780143418375
9788128832765
9788129104595
9789350880944
9781840244618
9788183520126
9788179914380
9789380349145
9780070229518
9780070706347
9789351417781
8784790596241
9788120312012
9780143102588
9780143421399