9788173711466
9788174364074
9780007272907
9780143062226
9780140446036
9788129117304
9780143418658
9780340977736
9780753541630
9789380914312
9788129111371
9788190620826
9781416511557
9788184001631
9781785040412
9780349113463
9788184951332
9788184951196
9789381626702
9780753555637
9788184002058
9780070586284
9781444759549
9780062312679
9788179922316
9781781251560
9780753519554
9788129135889
9789350290781
9781439199190
9780593070109
9781471143359
9781444778120
9789350097366
9780061932922
9780061941221
9780007282548
9788129116116
9789382616597
9788172234881
9788171674039
9780571200535
9780099536017
9788129129581
9780008118044
9780140123890
9788190716147
9781416599685
9788190782616
9781840220964
9780743487634
9788129124227
9781476733043
9780241952481
9788184006858
9780007282456
9781784751944
9780349138732
9780552161244
9780751549256
9780751563580
9780552159708
9780553826166
9781444757200
9788129120175
9788129120489
9780140128420
9781411401013
9780099498186
9781586638498
9780553213041
9789385152146
9789382618348
9789380658742
9781408855706
9781408855690
9789383260133
9781408855652
9781408855676
9781408834992
9780007119554
9780747532743
9788172234980
9781847393890
9788172235017
9780749913786
9789383260959
9788189988043
9780091906412
9788190105910
9788179927069
9788183220149
9780312275679
9789350291603
9780007490547
9780552152167
9780552997041
9781444720723
9780007199068
9780061031410
9780060514945
9780061096112
9780440236672
9780385421980
9780385508049
9780061470929
9780804121156
9780385319058
9789381576052
9789384030599
9788129135728
9780143418764
9780143417231
9788184006094
9789382618188
9789383260683
9788129135520
9781447221852