99549484
7272901
143104098
7428545
553212419
552161276
143031031
033043909X
753541637
9383064129
8184003862
000728263X
140157514
140449175
99536013
6513778
7253915
99582074
99570335
143066560
143103245
8174368949
141187883
141182679
1847245455
014026731X
553211757
9382277315
143420100
571135390
8129124912
141182539
7273509
99134012
8184000871
297870920
553176986
1780221355
1847088767
141185066
143416316
571283071
009955271X
749397055
141439769
241953189
670083879
1408853914
349121087
9350297930
045123359X
141186887
9351360768
141182741
241962978
1860498809
140444300
349104840
141182857
140348034
99430894
441172717
670086371
141014083
014342114X
140261206
1447214862
857501194
670083895
857867970
1408703742
1416562605
144000776
7535201
380789035
345325818
441627404
156035219
399501487
812480012X
451210840
671021001
765356155
140188592
141185287
140152741
014103095X
141441828
140449248
141008253
553211404