1612680011
8131767167
8171947948
753555190
1416511555
141036257
91816971
9384905070
62312685
9350713306
8184001630
1785040413
349113467
8131774503
8131790312
9339222571
9350715031
8184951337
1451639619
8184951191
019945051X
1609946782
9350291738
70683611
9381626715
9381626707
812911979X
349413681
8131731014
125906428X
8186141863
8131731812
159562015X
753555638
670921602
938020096X
7272618
8186775811
8182744466
8184956606
818400205X
230331963
70586284
144475954X
70140650
62312677
9351340155
9332518009
230636101
8179922316
230632580
8185984565
1259005992
1781251568
753519550
9332557187
8174364072
141014598
8183223656
8129135884
9351950611
1846683955
9350290782
023076651X
1444761986
1439199191
1846684307
593070100
147114335X
067443000X
1444778129
241957818
8184002807
8184002734
067008283X
141031484
8129111373
9350097362
61932922
61941220
91929784
8126533676