9780230737129
9781905654291
9781904233886
9780446695565
9788129114044
9780446679596
9781846141805
9788190822015
9780099579946
1701901654291
9781408810606
9780393062236
9780743450287
9789057134463
9780275991609
9780091799595
9780679450788
9780471393146
9788173195174
9780099533115
2118616124985
9780143032373
9788185986159
9781558744158
9780722532980
9781558744592
9788184000665
9788184004618
9780141014593
9781842051986
9780143421566
9780747596158
9788122200539
9780143102588
9788122307771
9780099456766
9780143417231
9780143418672
9789351063506
9788183520911
9781416524854
9789350831748
9788129114044
9789384391959
9788174763532
2525442222172
9788183221627
9788129115300
9788190591904
9780749916206
9780552134750
1700001252918
9780340836217
9780340826447
9780007275700
9788129104595
9788129118806
9788129118806
9788129113726
9789380349305
9788129115300
9788129120212
9780143029823
9780380010004
9781849832359
9781905654406
9780141020952
9780552101660
9780552775427
9780007300808
9780708814703
9780743468800
9788172237660
9780060541811
9780007266067
9780007270101
9788122202014
9788122203738
9788172237868
9788190617383
9780143101840
9780751337082
9780671735579
9781903096680
9781903096550
9781903096567
9780446341912
9780007199068
9780007395170
9780007199068
9780722188705
9781847390295
9780552124751
9780722127544
9780007286317
9780099993803
9780515105193
9781447231172
9780340363706
9780330419055
9780330449625
9780330418973
9780006514053
9780330419048
9780006478706
9780340272725
9780340401484
9780006478720
9780340363706
9780006498063
9780007253913
9788184749182
2000000553535
2000000737392
2000000752205
2000000737394
9788184740721
2000000675232
9789351066095
2000000917207
2000000611983
2000000611982
2000000737394
9788184748932
2000000553627
2000000574249
9788184746969
9780263833966
2000000752201
9788184741834
9789351064398
9788184748918
2000000553638
9788184749656
9789351065500
9788184747034
9788184742220
9780263839814
9789351065708
2000000752201
2000000675224
2000000611927
2000000611929
2000000611928
2000000737404
9789351065852
9789351060475
2000000630897
2000000898121
9789351064435
9789351065357
9788184744415
2000000881057
9788190587693
2000000737405
9788184742930
9788190599320
2000000574260
2000000705543
2000000574263
9780263855364
9780733509056
2000000741011
9789351065685
9788184746082
9780263899221
9788184748970