9789380349350
9788128832840
9789380349305
9788188575725
9789382447016
9788188575718
9788172235673
9789380349237
9788183520119
9788129115232
9788172235307
9789380349183
9788129119797
9788183520805
9780099454403
9780553817959
9780749309336
9780857388629
9780143419648
7184714419648
9780143418801
9780143418801
9788192222660
9788184001785
9788129119179
9788129109835
9780007252640
9788129120212
9788129120212
9788129115300
9788129135728
9788129118806
9780743430463
9781905654604
9780515105193
9780552151597
9780330233903
9780006178712
9168172234850
9780007199068
9788172235789
9780751527377
9781401397753
9780141014593
9789350293478
9780671854218
9780385525954
9781846140969
9788192005119
9780330266932
9780340822395
9780340822395
9781576754375
9780141039091
9780141039091
9781405053716
9780140157352
9781592402038
9781595620156
9788188575695
9788129114044
9788192910949
9788184004199
9780143418801
9780195640540
9781906427641
9780143418375
9788128832765
9788129104595
9789350880944
9781840244618
9788183520126
9788179914380
9789380349145
9780070229518
9780070706347
9789351417781
8784790596241
9788120312012
9780143102588
9780143421399
9780230737129
9781905654291
9781904233886
9780446695565
9788129114044
9780446679596
9781846141805
9788190822015
9780099579946
1701901654291
9781408810606
9780393062236
9780743450287
9789057134463
9780275991609
9780091799595
9780679450788
9780471393146
9788173195174
9780099533115
2118616124985
9780143032373
9788185986159
9781558744158
9780722532980
9781558744592
9788184000665
9788184004618
9780141014593
9781842051986
9780143421566
9780747596158
9788122200539
9780143102588
9788122307771
9780099456766
9780143417231
9780143418672
9789351063506
9788183520911
9781416524854
9789350831748
9788129114044
9789384391959
9788174763532
2525442222172
9788183221627
9788129115300
9788190591904
9780749916206
9780552134750
1700001252918
9780340836217
9780340826447
9780007275700
9788129104595
9788129118806
9788129118806
9788129113726
9789380349305
9788129115300
9788129120212
9780143029823
9780380010004
9781849832359
9781905654406
9780141020952
9780552101660
9780552775427
9780007300808
9780708814703
9780743468800
9788172237660
9780060541811
9780007266067
9780007270101
9788122202014
9788122203738
9788172237868
9788190617383
9780143101840
9780751337082
9780671735579
9781903096680
9781903096550
9781903096567
9780446341912
9780007199068
9780007395170
9780007199068
9780722188705
9781847390295
9780552124751
9780722127544
9780007286317
9780099993803
9780515105193
9781447231172
9780340363706
9780330419055
9780330449625
9780330418973
9780006514053
9780330419048
9780006478706
9780340272725
9780340401484
9780006478720
9780340363706
9780006498063
9780007253913
9788184749182
2000000553535
2000000737392
2000000752205
2000000737394
9788184740721
2000000675232
9789351066095
2000000917207
2000000611983
2000000611982
2000000737394
9788184748932
2000000553627
2000000574249
9788184746969
9780263833966
2000000752201
9788184741834
9789351064398
9788184748918
2000000553638
9788184749656
9789351065500
9788184747034
9788184742220
9780263839814
9789351065708
2000000752201
2000000675224
2000000611927
2000000611929
2000000611928
2000000737404
9789351065852
9789351060475
2000000630897
2000000898121
9789351064435
9789351065357
9788184744415
2000000881057
9788190587693
2000000737405
9788184742930
9788190599320
2000000574260
2000000705543
2000000574263
9780263855364
9780733509056
2000000741011
9789351065685
9788184746082
9780263899221
9788184748970
9780515105193
9789381626825
9789381626344
9780671723651
9780330490689
9780263866902
9780099280255
9780006177265
9780006510895
9780099426196
9780263835748
9780263760057
9780263906592
9789351065272
9789351064466
9789351065456
9780552136990
9788184001051
9780091816971
9788129104595
9788129104595
9780340831083
9789351067757
9788184742466
9789351065968
9789351065791
9789351065258
9189311067542
2000000881051
9789351064374
9788184746303
9788184744323
9788184742954
9788184746372
9789351065647
9789351065845
9788184747911
9789351068983
9788184742855
9788184741827
9788184748376
9788184742077
9789351065913
9780263898712
2000000752205
9789351065920
9780263812237
9780099244721
9780671737795
9788184741926
9780140624236
9780747405351
9780553409321
9780340329627
9780552170154
9780099552710
9780552091213
9780099228516
9780552121408
9780552142342
9788189535513
9780006512653
9780007199068
9781444779554
9780091889807
9780007253913
9780007199068
9780007199068
9780006175018
9788172234843
9780007839810
9780330457811
9780330523820
9780749908966
9781444779554
9789381626689
9788129135728
9788129115300
9788129113726
9788183221627
9788183221627
9780143418801
9788188575701
9780140123890
9780679731146
9788129108180
9788129115300
9788172235789
9788129109835
9780670999217
9788131721025
9780425232200
9789381810781
9789382616337
9781444789898
9788184006360
9788129135810
9788129117533
9781473605206
9788129118011
9781594481437
9780593070154
9788184006711
9781780226583
9788184006858
9789350293478
9780263833423
9780263751611
8788451041033
9780143419648
9780099579946
9780099579922
9781861975522
9789382618348