BK361
1371731
04071525
08791322
08818511
12711864
05456376
10032053
01419722
11809818
72811467
11111924
15478126
03122655
07512384
11616658
17021661
10713116
52223112
01743074
15281311
71605128
17227029
21761621
06025168
21248337
11257653
00777186
00187787
08317186
12218370
11313728
200185184
200442790
001392279
200274705
200003670
200321043
200027891
200470738
200473432
200254724
200596231
200596232
001325177
070993006990
070999003252
099455007993
065373004758
065373004505
065373003997
071831009999
706476341912
070993007997
700142234799
701111136076
070993004958
070993007508
070993006990
071831007995
071831007995
070993007997
076783006997
700142239428
718310494203
706167270101
707877672520
718081392524
076783007994
030314007990
099455007993
070993006990
070993006990
070993007997
071162004502
076783004955
700182013101
700143711466
711116521029
719197671039
701111141643
099455006507
070993007997
070993007997
070993006990
790124749151
065373004253
706133412764
070993007997
076714007994
700141236541
070993007997
620162234411
070993005993
700112237768
123456789012
8784790596241
9788120312012
9780143102588
9780143421399
000000000011290077