9780349104522
9788173711466
9789350293287
9788174364074
9780330351690
9788129135803
9780007272907
9780743255066
9789350293478
9789351362258
9780143062226
9780140446036
9789350097519
9788174368942
9780349117546
9788129117304
9780143417309
9780143418658
9789384030872
9780340977736
9780753541630
9788129129109
9780099173311
9789351160090
9789351368069
9788184002980
9781780228792
9789351770251
9780007416790
9788129135810
9788172345198
9780143062097
9788184953541
9789380658384
9788171543298
9789380914312
9788184000870
9780553175219
9781408844441
9780670086740
9781905026494
9781847390547
9780349106533
9788129111371
9788190620826
9789382277576