9780515105193
9789381626825
9789381626344
9780671723651
9780330490689
9780263866902
9780099280255
9780006177265
9780006510895
9780099426196
9780263835748
9780263760057
9780263906592
9789351065272
9789351064466
9789351065456
9780552136990
9788184001051
9780091816971
9788129104595
9788129104595
9780340831083
9789351067757
9788184742466
9789351065968
9789351065791
9789351065258
9189311067542
2000000881051
9789351064374
9788184746303
9788184744323
9788184742954
9788184746372
9789351065647
9789351065845
9788184747911
9789351068983
9788184742855
9788184741827
9788184748376
9788184742077
9789351065913
9780263898712
2000000752205
9789351065920
9780263812237
9780099244721
9780671737795
9788184741926
9780140624236
9780747405351
9780553409321
9780340329627
9780552170154
9780099552710
9780552091213
9780099228516
9780552121408
9780552142342
9788189535513
9780006512653
9780007199068
9781444779554
9780091889807
9780007253913
9780007199068
9780007199068
9780006175018
9788172234843
9780007839810
9780330457811
9780330523820
9780749908966
9781444779554
9789381626689
9788129135728
9788129115300
9788129113726
9788183221627
9788183221627
9780143418801
9788188575701
9780140123890
9780679731146
9788129108180
9788129115300
9788172235789
9788129109835
9780670999217
9788131721025
9780425232200
9789381810781
9789382616337
9781444789898
9788184006360
9788129135810
9788129117533
9781473605206
9788129118011
9781594481437
9780593070154
9788184006711
9781780226583
9788184006858
9789350293478
9780263833423
9780263751611
8788451041033
9780143419648
9780099579946
9780099579922
9781861975522
9789382618348