9780140107814
9788125036845
9789339204785
9780007272907
9780143104094
9788179305171
9788125931867
9780330505543
9789350097519
9788189059675
9788129137425
9788191067378
9780330439091
9788125036876
9780143031031
9780143420187
9788125025962
9780143029892
9780143419259
9789380828695
9788125032267
9781137483645
9780552152167
9780141012117
9780198077220
9780143030461
9788129120212
9780099523994
9780552997041
9780143419242
9780143420934
9788174760685
9780140447576
9788123019789
9780143031055
9788123701479
9780143423669
9788184005134
9780143420101
9789351160939
9788132113676
9780143068648
9780099302780
9789351365914
9780670081967
9781408862872
9788174366177
9781476763330
9780195673081
9780099421764
9780143422358
9781780220253
9789350290514
