9780099549482
9780007272907
9780143104094
9780007428540
9780553212419
9780552161275
9780143031031
9780330439091
9780753541630
9789383064120
9788184003864
9780007282630
9780140157512
9780140449174
9780099536017
9780006513773
9780007253913
9780099582076
9780099570332
9780143066569
9780143103240
9788174368942
9780141187884
9780141182674
9781847245458
9780140267310
9780553211757
9789382277316
9780143420101
9780571135394
9788129124913
9780141182537
9780007273508
9780099134015
9788184000870
9780297870920
9780553176988
9781780221359
9781847088765
9780141185064
9780143416319
9780571283071
9780099552710
9780749397050
9780141439761
9780241953181
9780670083879
9781408853917
9780349121086
9789350297933
9780451233592
9780141186887
9789351360766
9780141182742
9780241962978
9781860498800
9780140444308
9780349104843
9780141182858
9780140348033
9780099430896
9780441172719
9780670086375
9780141014081
9780143421146
9780140261202
9781447214861
9780857501196
9780670083893
9780857867971
9781408703748
9781416562603
9780144000777
9780007535200
9780380789030
9780345325815
9780441627400
9780156035217
9780399501487
9788124800126
9780451210845
9780671021009
9780765356154
9780140188592
9780141185286
9780140152746
9780141030951
9780141441825
9780140449242
9780141008257
9780553211405
