9781847393890
9781612680002
9788172235017
9781416511557
9788182748262
9780749913786
9781416511564

9788186336144
9789383260959
9781849838399
9788189988043
9788129105998
9789380571089
9788172235031
9781609946784
9780091906412
9781846041075
9788190105910
9780007272617
9780143420613
9780070586284
9780307589743
9780684857213
9788179927069
9788172246143
9789350292341
9788183220149
9780762412556
9789384225674
9788184001969

9788172345662
9781476733487
9781847327185
9780312275679
9789350291603
9780141039411
9780007490547